E8_frequency.py
anger : 0.18181818181818182
disgust : 0.38461538461538464
fear : 0.2875
joy : 0.4198895027624309
sad : 0.3910891089108911
surprise : 0.16304347826086957
Total accuracy 0.329


E8_tdidf.py
anger : 0.16666666666666666
disgust : 0.4230769230769231
fear : 0.2875
joy : 0.4088397790055249
sad : 0.3910891089108911
surprise : 0.15760869565217392
Total accuracy: 0.324